
Gaussian C=1e-05
Cross Validation Accuracy = 71.085%
Accuracy = 71.58% (7158/10000) (classification)
Miss prediction 7
Miss prediction 8
Miss prediction 11
Miss prediction 16
Miss prediction 18
$,0,1,2,3,4,5,6,7,8,9,
0,866,0,86,0,0,26,1,0,1,0,
1,0,912,135,1,1,55,0,0,31,0,
2,3,0,1016,0,0,3,0,0,10,0,
3,0,0,356,594,0,37,0,0,21,2,
4,0,0,236,0,705,22,2,0,4,13,
5,2,0,91,7,0,791,0,0,1,0,
6,6,0,389,0,4,56,503,0,0,0,
7,2,4,376,0,15,45,0,543,2,41,
8,4,0,287,12,0,60,0,0,608,3,
9,2,0,217,6,89,54,0,3,18,620,

Gaussian C=0.001
Cross Validation Accuracy = 71.12%
Accuracy = 71.58% (7158/10000) (classification)
Miss prediction 7
Miss prediction 8
Miss prediction 11
Miss prediction 16
Miss prediction 18
$,0,1,2,3,4,5,6,7,8,9,
0,866,0,86,0,0,26,1,0,1,0,
1,0,912,135,1,1,55,0,0,31,0,
2,3,0,1016,0,0,3,0,0,10,0,
3,0,0,356,594,0,37,0,0,21,2,
4,0,0,236,0,705,22,2,0,4,13,
5,2,0,91,7,0,791,0,0,1,0,
6,6,0,389,0,4,56,503,0,0,0,
7,2,4,376,0,15,45,0,543,2,41,
8,4,0,287,12,0,60,0,0,608,3,
9,2,0,217,6,89,54,0,3,18,620,

Gaussian C=1
Cross Validation Accuracy = 97.425%
Accuracy = 97.22% (9722/10000) (classification)
Miss prediction 33
Miss prediction 124
Miss prediction 151
Miss prediction 241
Miss prediction 247
$,0,1,2,3,4,5,6,7,8,9,
0,969,0,1,0,0,3,4,1,2,0,
1,0,1120,3,3,1,2,2,0,3,1,
2,4,0,1000,4,2,0,1,6,15,0,
3,0,0,8,985,0,4,0,6,5,2,
4,0,0,4,0,962,0,6,0,2,8,
5,2,0,3,6,1,866,7,1,5,1,
6,6,3,0,0,4,4,939,0,2,0,
7,1,4,19,2,4,0,0,987,2,9,
8,4,0,3,10,3,5,1,3,942,3,
9,4,4,3,8,13,4,0,9,12,952,

Gaussian C=5
Cross Validation Accuracy = 97.5%
Accuracy = 97.3% (9730/10000) (classification)
Miss prediction 33
Miss prediction 124
Miss prediction 151
Miss prediction 241
Miss prediction 247
$,0,1,2,3,4,5,6,7,8,9,
0,969,0,1,0,0,3,4,1,2,0,
1,0,1122,3,2,1,2,2,0,2,1,
2,4,0,1000,4,2,0,1,6,15,0,
3,0,0,8,985,0,4,0,7,5,1,
4,1,0,4,0,963,0,4,0,2,8,
5,2,0,3,6,1,866,7,1,5,1,
6,5,4,0,0,3,4,940,0,2,0,
7,1,4,20,2,3,0,0,986,2,10,
8,4,0,3,10,2,5,2,3,942,3,
9,4,4,3,8,9,4,0,9,11,957,

Gaussian C=10
Cross Validation Accuracy = 97.595%
Accuracy = 97.3% (9730/10000) (classification)
Miss prediction 33
Miss prediction 124
Miss prediction 151
Miss prediction 241
Miss prediction 247
$,0,1,2,3,4,5,6,7,8,9,
0,969,0,1,0,0,3,4,1,2,0,
1,0,1122,3,2,1,2,2,0,2,1,
2,4,0,1000,4,2,0,1,6,15,0,
3,0,0,8,985,0,4,0,7,5,1,
4,1,0,4,0,963,0,4,0,2,8,
5,2,0,3,6,1,866,7,1,5,1,
6,5,4,0,0,3,4,940,0,2,0,
7,1,4,20,2,3,0,0,986,2,10,
8,4,0,3,10,2,5,2,3,942,3,
9,4,4,3,8,9,4,0,9,11,957,
