0 0
0 0
0 0
0 0
0 0
0 0
0 0
0 0
0 0
0 0
0 0
0 0
0 0
0 0
0 0
0 0
0 0
0 0
0 0
0 0
0 0
0 0
0 0
0 0
0 0
0 0
0 0
0 0
0 0
0 0
0 0
0 0
0 0
0 0
0 85
0 253
0 255
0 254
0 255
0 255
0 254
0 254
0 255
0 255
0 255
0 255
0 254
0 255
0 237
0 98
0 0
0 0
0 0
0 0
0 0
0 0
0 0
0 0
0 64
0 0
0 22
0 44
0 229
0 254
0 255
0 255
0 255
0 255
0 255
0 255
0 255
0 255
0 255
0 255
0 255
0 255
0 255
0 255
0 255
0 255
0 255
0 165
0 0
0 0
0 0
0 0
0 141
0 65
0 58
0 229
0 255
0 255
0 255
0 255
0 255
0 255
0 255
0 255
0 255
0 255
0 255
0 255
0 255
0 255
0 255
0 255
0 255
0 255
0 254
0 164
0 0
0 0
0 0
0 0
0 144
0 96
0 254
0 255
0 255
0 255
0 255
0 255
0 255
0 255
0 255
0 255
0 255
0 255
0 255
0 255
0 255
0 255
0 255
0 255
0 255
0 255
0 255
0 251
0 206
0 63
0 0
0 0
0 76
0 255
0 255
0 255
0 255
0 255
0 255
0 255
0 255
0 255
0 255
0 255
0 255
0 255
0 255
0 255
0 255
0 255
0 255
0 255
0 255
0 255
0 255
0 254
0 254
0 93
0 0
0 4
0 120
0 254
0 255
0 255
0 255
0 255
0 255
0 255
0 255
0 255
0 255
0 255
0 255
0 255
0 255
0 255
0 255
0 255
0 255
0 255
0 255
0 255
0 255
0 255
0 252
0 172
0 0
0 122
0 254
0 255
0 255
0 255
0 255
0 255
0 255
0 255
0 255
0 255
0 255
0 255
0 255
0 255
0 255
0 255
0 255
0 255
0 255
0 255
0 255
0 255
0 255
0 255
0 255
0 253
0 53
0 188
0 255
0 255
0 255
0 255
0 255
0 255
0 255
0 255
0 255
0 255
0 255
0 255
0 255
0 255
0 255
0 255
0 255
0 255
0 255
0 255
0 255
0 255
0 255
0 255
0 253
0 178
0 184
0 194
0 255
0 255
0 255
0 255
0 255
0 255
0 255
0 255
0 255
0 255
0 255
0 255
0 255
0 255
0 255
0 255
0 255
0 255
0 255
0 255
0 255
0 255
0 255
0 255
0 255
0 204
0 214
0 255
0 255
0 255
0 255
0 255
0 255
0 255
0 255
0 255
0 255
0 255
0 255
0 255
0 255
0 255
0 255
0 255
0 255
0 255
0 255
0 255
0 255
0 255
0 255
0 255
0 254
0 147
0 150
0 253
0 255
0 255
0 255
0 255
0 255
0 255
0 255
0 255
0 255
0 255
0 255
0 255
0 255
0 255
0 255
0 255
0 255
0 255
0 255
0 255
0 255
0 255
0 255
0 255
0 253
0 131
0 163
0 225
0 255
0 255
0 255
0 255
0 255
0 255
0 255
0 255
0 255
0 255
0 255
0 255
0 255
0 255
0 255
0 255
0 255
0 255
0 255
0 255
0 255
0 255
0 255
0 254
0 249
0 152
0 0
0 253
0 253
0 255
0 255
0 255
0 255
0 255
0 255
0 255
0 255
0 255
0 255
0 255
0 255
0 255
0 255
0 255
0 255
0 255
0 255
0 255
0 255
0 255
0 255
0 254
0 226
0 41
0 113
0 121
0 254
0 255
0 255
0 255
0 255
0 255
0 255
0 255
0 255
0 255
0 255
0 255
0 255
0 255
0 255
0 255
0 255
0 255
0 255
0 255
0 255
0 255
0 255
0 255
0 254
0 0
0 37
0 6
0 209
0 255
0 255
0 255
0 255
0 255
0 255
0 255
0 255
0 255
0 255
0 255
0 255
0 255
0 255
0 255
0 255
0 255
0 255
0 255
0 255
0 255
0 255
0 255
0 251
0 94
0 0
0 7
0 142
0 255
0 255
0 255
0 255
0 255
0 255
0 255
0 255
0 255
0 255
0 255
0 255
0 255
0 255
0 255
0 255
0 255
0 255
0 255
0 255
0 255
0 255
0 255
0 252
0 223
0 0
0 106
0 254
0 254
0 255
0 255
0 255
0 255
0 255
0 255
0 255
0 255
0 255
0 255
0 255
0 255
0 255
0 255
0 255
0 255
0 255
0 255
0 255
0 255
0 255
0 255
0 229
0 104
0 60
0 12
0 255
0 255
0 255
0 255
0 255
0 255
0 255
0 255
0 255
0 255
0 255
0 255
0 255
0 255
0 255
0 255
0 255
0 255
0 255
0 255
0 255
0 255
0 255
0 255
0 253
0 153
0 0
0 97
0 255
0 255
0 255
0 255
0 255
0 255
0 255
0 255
0 255
0 255
0 255
0 255
0 255
0 255
0 255
0 255
0 255
0 255
0 255
0 255
0 255
0 255
0 255
0 255
0 253
0 121
0 0
0 132
0 255
0 255
0 255
0 255
0 255
0 255
0 255
0 255
0 255
0 255
0 255
0 255
0 255
0 255
0 255
0 255
0 255
0 255
0 255
0 255
0 255
0 255
0 255
0 255
0 255
0 0
0 32
0 185
0 255
0 255
0 255
0 255
0 255
0 255
0 255
0 255
0 255
0 255
0 255
0 255
0 255
0 255
0 255
0 255
0 255
0 255
0 255
0 255
0 255
0 255
0 255
0 254
0 196
0 0
0 31
0 10
0 255
0 255
0 255
0 255
0 255
0 255
0 255
0 255
0 255
0 255
0 255
0 255
0 255
0 255
0 255
0 255
0 255
0 255
0 255
0 255
0 255
0 255
0 255
0 223
0 27
0 0
0 0
0 0
0 201
0 255
0 255
0 255
0 255
0 255
0 255
0 255
0 255
0 255
0 255
0 255
0 255
0 255
0 255
0 255
0 255
0 255
0 255
0 255
0 255
0 255
0 253
0 154
0 150
0 0
0 0
0 0
0 59
0 253
0 255
0 255
0 255
0 255
0 255
0 255
0 255
0 255
0 255
0 255
0 255
0 255
0 255
0 255
0 255
0 255
0 255
0 255
0 255
0 255
0 253
0 212
0 98
0 0
0 0
0 0
0 0
0 254
0 253
0 255
0 255
0 255
0 255
0 255
0 255
0 255
0 255
0 255
0 255
0 255
0 255
0 255
0 255
0 255
0 255
0 255
0 253
0 253
0 253
0 87
0 104
0 0
0 0
0 0
0 0
0 0
0 101
0 255
0 255
0 254
0 255
0 255
0 255
0 255
0 255
0 255
0 255
0 255
0 255
0 255
0 255
0 255
0 255
0 255
0 255
0 135
0 0
0 59
0 0
0 0
0 0
0 0
0 0
0 0
0 51
0 252
0 245
0 253
0 254
0 254
0 255
0 254
0 255
0 255
0 255
0 253
0 254
0 255
0 253
0 253
0 253
0 177
0 64
0 0
0 0
0 0
0 0
0 0
